name: EngML
channels:
  - pytorch
  - conda-forge
  - defaults
dependencies:
  - blas=1.0=mkl
  - ca-certificates=2021.10.8=h5b45459_0
  - certifi=2021.10.8=py39haa95532_0
  - cudatoolkit=10.2.89=h74a9793_1
  - cycler=0.10.0=py_2
  - freetype=2.10.4=h546665d_1
  - icu=68.1=h0e60522_0
  - intel-openmp=2021.4.0=h57928b3_3556
  - jbig=2.1=h8d14728_2003
  - joblib=1.1.0=pyhd8ed1ab_0
  - jpeg=9d=h8ffe710_0
  - kiwisolver=1.3.2=py39h2e07f2f_0
  - lcms2=2.12=h2a16943_0
  - lerc=3.0=h0e60522_0
  - libblas=3.9.0=12_win64_mkl
  - libcblas=3.9.0=12_win64_mkl
  - libclang=11.1.0=default_h5c34c98_1
  - libdeflate=1.8=h8ffe710_0
  - liblapack=3.9.0=12_win64_mkl
  - libpng=1.6.37=h1d00b33_2
  - libtiff=4.3.0=hd413186_2
  - libuv=1.40.0=he774522_0
  - libzlib=1.2.11=h8ffe710_1013
  - lz4-c=1.9.3=h8ffe710_1
  - m2w64-gcc-libgfortran=5.3.0=6
  - m2w64-gcc-libs=5.3.0=7
  - m2w64-gcc-libs-core=5.3.0=7
  - m2w64-gmp=6.1.0=2
  - m2w64-libwinpthread-git=5.0.0.4634.697f757=2
  - matplotlib=3.4.3=py39hcbf5309_1
  - matplotlib-base=3.4.3=py39h581301d_1
  - mkl=2021.4.0=h0e2418a_729
  - msys2-conda-epoch=20160418=1
  - numpy=1.21.3=py39h6635163_0
  - olefile=0.46=pyh9f0ad1d_1
  - openjpeg=2.4.0=hb211442_1
  - openssl=1.1.1l=h8ffe710_0
  - pillow=8.3.2=py39h916092e_0
  - pip=21.3.1=pyhd8ed1ab_0
  - pyparsing=2.4.7=pyh9f0ad1d_0
  - pyqt=5.12.3=py39hcbf5309_7
  - pyqt-impl=5.12.3=py39h415ef7b_7
  - pyqt5-sip=4.19.18=py39h415ef7b_7
  - pyqtchart=5.12=py39h415ef7b_7
  - pyqtwebengine=5.12.1=py39h415ef7b_7
  - python=3.9.7=h7840368_3_cpython
  - python-dateutil=2.8.2=pyhd8ed1ab_0
  - python_abi=3.9=2_cp39
  - pytorch=1.10.0=py3.9_cuda10.2_cudnn7_0
  - pytorch-mutex=1.0=cuda
  - qt=5.12.9=h5909a2a_4
  - scikit-learn=1.0=py39h74df8f2_1
  - scipy=1.7.1=py39hc0c34ad_0
  - setuptools=58.2.0=py39hcbf5309_0
  - six=1.16.0=pyh6c4a22f_0
  - sqlite=3.36.0=h8ffe710_2
  - tbb=2021.3.0=h2d74725_0
  - threadpoolctl=3.0.0=pyh8a188c0_0
  - tk=8.6.11=h8ffe710_1
  - torchaudio=0.10.0=py39_cu102
  - torchvision=0.11.1=py39_cu102
  - tornado=6.1=py39hb82d6ee_1
  - typing_extensions=3.10.0.2=pyh06a4308_0
  - tzdata=2021e=he74cb21_0
  - ucrt=10.0.20348.0=h57928b3_0
  - vc=14.2=hb210afc_5
  - vs2015_runtime=14.29.30037=h902a5da_5
  - wheel=0.37.0=pyhd8ed1ab_1
  - xz=5.2.5=h62dcd97_1
  - zlib=1.2.11=h8ffe710_1013
  - zstd=1.5.0=h6255e5f_0
prefix: C:\Users\Andre\anaconda3\envs\EngML
